80
98 171 0 145 90 0 137,903194862797 90 -44,8074641843674 93,203538596925 171 -30,2836654487448 
145 90 0 145 75 0 137,903194862797 75 -44,8074641843674 137,903194862797 90 -44,8074641843674 
145 75 0 145 -79 0 137,903194862797 -79 -44,8074641843674 137,903194862797 75 -44,8074641843674 
145 -79 0 110 -122 0 104,616216792467 -122 -33,9918693812442 137,903194862797 -79 -44,8074641843674 
93,203538596925 171 -30,2836654487448 137,903194862797 90 -44,8074641843674 117,307464184367 90 -85,2288615824086 79,2836654487448 171 -57,6029547246624 
137,903194862797 90 -44,8074641843674 137,903194862797 75 -44,8074641843674 117,307464184367 75 -85,2288615824086 117,307464184367 90 -85,2288615824086 
137,903194862797 75 -44,8074641843674 137,903194862797 -79 -44,8074641843674 117,307464184367 -79 -85,2288615824086 117,307464184367 75 -85,2288615824086 
137,903194862797 -79 -44,8074641843674 104,616216792467 -122 -33,9918693812442 88,9918693812442 -122 -64,656377752172 117,307464184367 -79 -85,2288615824086 
79,2836654487448 171 -57,6029547246624 117,307464184367 90 -85,2288615824086 85,2288615824086 90 -117,307464184367 57,6029547246623 171 -79,2836654487448 
117,307464184367 90 -85,2288615824086 117,307464184367 75 -85,2288615824086 85,2288615824086 75 -117,307464184367 85,2288615824086 90 -117,307464184367 
117,307464184367 75 -85,2288615824086 117,307464184367 -79 -85,2288615824086 85,2288615824086 -79 -117,307464184367 85,2288615824086 75 -117,307464184367 
117,307464184367 -79 -85,2288615824086 88,9918693812442 -122 -64,656377752172 64,656377752172 -122 -88,9918693812442 85,2288615824086 -79 -117,307464184367 
57,6029547246623 171 -79,2836654487448 85,2288615824086 90 -117,307464184367 44,8074641843674 90 -137,903194862797 30,2836654487448 171 -93,203538596925 
85,2288615824086 90 -117,307464184367 85,2288615824086 75 -117,307464184367 44,8074641843674 75 -137,903194862797 44,8074641843674 90 -137,903194862797 
85,2288615824086 75 -117,307464184367 85,2288615824086 -79 -117,307464184367 44,8074641843674 -79 -137,903194862797 44,8074641843674 75 -137,903194862797 
85,2288615824086 -79 -117,307464184367 64,656377752172 -122 -88,9918693812442 33,9918693812442 -122 -104,616216792467 44,8074641843674 -79 -137,903194862797 
30,2836654487448 171 -93,203538596925 44,8074641843674 90 -137,903194862797 7,105427357601E-15 90 -145 0 171 -98 
44,8074641843674 90 -137,903194862797 44,8074641843674 75 -137,903194862797 7,105427357601E-15 75 -145 7,105427357601E-15 90 -145 
44,8074641843674 75 -137,903194862797 44,8074641843674 -79 -137,903194862797 7,105427357601E-15 -79 -145 7,105427357601E-15 75 -145 
44,8074641843674 -79 -137,903194862797 33,9918693812442 -122 -104,616216792467 7,105427357601E-15 -122 -110 7,105427357601E-15 -79 -145 
0 171 -98 7,105427357601E-15 90 -145 -44,8074641843674 90 -137,903194862797 -30,2836654487448 171 -93,203538596925 
7,105427357601E-15 90 -145 7,105427357601E-15 75 -145 -44,8074641843674 75 -137,903194862797 -44,8074641843674 90 -137,903194862797 
7,105427357601E-15 75 -145 7,105427357601E-15 -79 -145 -44,8074641843674 -79 -137,903194862797 -44,8074641843674 75 -137,903194862797 
7,105427357601E-15 -79 -145 7,105427357601E-15 -122 -110 -33,9918693812442 -122 -104,616216792467 -44,8074641843674 -79 -137,903194862797 
-30,2836654487448 171 -93,203538596925 -44,8074641843674 90 -137,903194862797 -85,2288615824086 90 -117,307464184367 -57,6029547246623 171 -79,2836654487448 
-44,8074641843674 90 -137,903194862797 -44,8074641843674 75 -137,903194862797 -85,2288615824086 75 -117,307464184367 -85,2288615824086 90 -117,307464184367 
-44,8074641843674 75 -137,903194862797 -44,8074641843674 -79 -137,903194862797 -85,2288615824086 -79 -117,307464184367 -85,2288615824086 75 -117,307464184367 
-44,8074641843674 -79 -137,903194862797 -33,9918693812442 -122 -104,616216792467 -64,656377752172 -122 -88,9918693812442 -85,2288615824086 -79 -117,307464184367 
-57,6029547246623 171 -79,2836654487448 -85,2288615824086 90 -117,307464184367 -117,307464184367 90 -85,2288615824086 -79,2836654487448 171 -57,6029547246623 
-85,2288615824086 90 -117,307464184367 -85,2288615824086 75 -117,307464184367 -117,307464184367 75 -85,2288615824086 -117,307464184367 90 -85,2288615824086 
-85,2288615824086 75 -117,307464184367 -85,2288615824086 -79 -117,307464184367 -117,307464184367 -79 -85,2288615824086 -117,307464184367 75 -85,2288615824086 
-85,2288615824086 -79 -117,307464184367 -64,656377752172 -122 -88,9918693812442 -88,9918693812442 -122 -64,656377752172 -117,307464184367 -79 -85,2288615824086 
-79,2836654487448 171 -57,6029547246623 -117,307464184367 90 -85,2288615824086 -137,903194862797 90 -44,8074641843674 -93,203538596925 171 -30,2836654487448 
-117,307464184367 90 -85,2288615824086 -117,307464184367 75 -85,2288615824086 -137,903194862797 75 -44,8074641843674 -137,903194862797 90 -44,8074641843674 
-117,307464184367 75 -85,2288615824086 -117,307464184367 -79 -85,2288615824086 -137,903194862797 -79 -44,8074641843674 -137,903194862797 75 -44,8074641843674 
-117,307464184367 -79 -85,2288615824086 -88,9918693812442 -122 -64,656377752172 -104,616216792467 -122 -33,9918693812442 -137,903194862797 -79 -44,8074641843674 
-93,203538596925 171 -30,2836654487448 -137,903194862797 90 -44,8074641843674 -145 90 -1,4210854715202E-14 -97,9999999999999 171 -1,06581410364015E-14 
-137,903194862797 90 -44,8074641843674 -137,903194862797 75 -44,8074641843674 -145 75 -1,4210854715202E-14 -145 90 -1,4210854715202E-14 
-137,903194862797 75 -44,8074641843674 -137,903194862797 -79 -44,8074641843674 -145 -79 -1,4210854715202E-14 -145 75 -1,4210854715202E-14 
-137,903194862797 -79 -44,8074641843674 -104,616216792467 -122 -33,9918693812442 -110 -122 -2,8421709430404E-14 -145 -79 -1,4210854715202E-14 
-97,9999999999999 171 -1,06581410364015E-14 -145 90 -1,4210854715202E-14 -137,903194862797 90 44,8074641843673 -93,203538596925 171 30,2836654487448 
-145 90 -1,4210854715202E-14 -145 75 -1,4210854715202E-14 -137,903194862797 75 44,8074641843673 -137,903194862797 90 44,8074641843673 
-145 75 -1,4210854715202E-14 -145 -79 -1,4210854715202E-14 -137,903194862797 -79 44,8074641843673 -137,903194862797 75 44,8074641843673 
-145 -79 -1,4210854715202E-14 -110 -122 -2,8421709430404E-14 -104,616216792467 -122 33,9918693812442 -137,903194862797 -79 44,8074641843673 
-93,203538596925 171 30,2836654487448 -137,903194862797 90 44,8074641843673 -117,307464184367 90 85,2288615824085 -79,2836654487448 171 57,6029547246623 
-137,903194862797 90 44,8074641843673 -137,903194862797 75 44,8074641843673 -117,307464184367 75 85,2288615824085 -117,307464184367 90 85,2288615824085 
-137,903194862797 75 44,8074641843673 -137,903194862797 -79 44,8074641843673 -117,307464184367 -79 85,2288615824085 -117,307464184367 75 85,2288615824085 
-137,903194862797 -79 44,8074641843673 -104,616216792467 -122 33,9918693812442 -88,9918693812442 -122 64,656377752172 -117,307464184367 -79 85,2288615824085 
-79,2836654487448 171 57,6029547246623 -117,307464184367 90 85,2288615824085 -85,2288615824086 90 117,307464184367 -57,6029547246623 171 79,2836654487448 
-117,307464184367 90 85,2288615824085 -117,307464184367 75 85,2288615824085 -85,2288615824086 75 117,307464184367 -85,2288615824086 90 117,307464184367 
-117,307464184367 75 85,2288615824085 -117,307464184367 -79 85,2288615824085 -85,2288615824086 -79 117,307464184367 -85,2288615824086 75 117,307464184367 
-117,307464184367 -79 85,2288615824085 -88,9918693812442 -122 64,656377752172 -64,656377752172 -122 88,9918693812441 -85,2288615824086 -79 117,307464184367 
-57,6029547246623 171 79,2836654487448 -85,2288615824086 90 117,307464184367 -44,8074641843674 90 137,903194862797 -30,2836654487448 171 93,203538596925 
-85,2288615824086 90 117,307464184367 -85,2288615824086 75 117,307464184367 -44,8074641843674 75 137,903194862797 -44,8074641843674 90 137,903194862797 
-85,2288615824086 75 117,307464184367 -85,2288615824086 -79 117,307464184367 -44,8074641843674 -79 137,903194862797 -44,8074641843674 75 137,903194862797 
-85,2288615824086 -79 117,307464184367 -64,656377752172 -122 88,9918693812441 -33,9918693812442 -122 104,616216792467 -44,8074641843674 -79 137,903194862797 
-30,2836654487448 171 93,203538596925 -44,8074641843674 90 137,903194862797 -3,5527136788005E-14 90 145 -2,1316282072803E-14 171 97,9999999999999 
-44,8074641843674 90 137,903194862797 -44,8074641843674 75 137,903194862797 -3,5527136788005E-14 75 145 -3,5527136788005E-14 90 145 
-44,8074641843674 75 137,903194862797 -44,8074641843674 -79 137,903194862797 -3,5527136788005E-14 -79 145 -3,5527136788005E-14 75 145 
-44,8074641843674 -79 137,903194862797 -33,9918693812442 -122 104,616216792467 -3,5527136788005E-14 -122 110 -3,5527136788005E-14 -79 145 
-2,1316282072803E-14 171 97,9999999999999 -3,5527136788005E-14 90 145 44,8074641843673 90 137,903194862797 30,2836654487448 171 93,203538596925 
-3,5527136788005E-14 90 145 -3,5527136788005E-14 75 145 44,8074641843673 75 137,903194862797 44,8074641843673 90 137,903194862797 
-3,5527136788005E-14 75 145 -3,5527136788005E-14 -79 145 44,8074641843673 -79 137,903194862797 44,8074641843673 75 137,903194862797 
-3,5527136788005E-14 -79 145 -3,5527136788005E-14 -122 110 33,9918693812442 -122 104,616216792467 44,8074641843673 -79 137,903194862797 
30,2836654487448 171 93,203538596925 44,8074641843673 90 137,903194862797 85,2288615824085 90 117,307464184367 57,6029547246623 171 79,2836654487448 
44,8074641843673 90 137,903194862797 44,8074641843673 75 137,903194862797 85,2288615824085 75 117,307464184367 85,2288615824085 90 117,307464184367 
44,8074641843673 75 137,903194862797 44,8074641843673 -79 137,903194862797 85,2288615824085 -79 117,307464184367 85,2288615824085 75 117,307464184367 
44,8074641843673 -79 137,903194862797 33,9918693812442 -122 104,616216792467 64,6563777521719 -122 88,9918693812442 85,2288615824085 -79 117,307464184367 
57,6029547246623 171 79,2836654487448 85,2288615824085 90 117,307464184367 117,307464184367 90 85,2288615824086 79,2836654487448 171 57,6029547246623 
85,2288615824085 90 117,307464184367 85,2288615824085 75 117,307464184367 117,307464184367 75 85,2288615824086 117,307464184367 90 85,2288615824086 
85,2288615824085 75 117,307464184367 85,2288615824085 -79 117,307464184367 117,307464184367 -79 85,2288615824086 117,307464184367 75 85,2288615824086 
85,2288615824085 -79 117,307464184367 64,6563777521719 -122 88,9918693812442 88,9918693812441 -122 64,656377752172 117,307464184367 -79 85,2288615824086 
79,2836654487448 171 57,6029547246623 117,307464184367 90 85,2288615824086 137,903194862797 90 44,8074641843674 93,2035385969249 171 30,2836654487448 
117,307464184367 90 85,2288615824086 117,307464184367 75 85,2288615824086 137,903194862797 75 44,8074641843674 137,903194862797 90 44,8074641843674 
117,307464184367 75 85,2288615824086 117,307464184367 -79 85,2288615824086 137,903194862797 -79 44,8074641843674 137,903194862797 75 44,8074641843674 
117,307464184367 -79 85,2288615824086 88,9918693812441 -122 64,656377752172 104,616216792467 -122 33,9918693812442 137,903194862797 -79 44,8074641843674 
93,2035385969249 171 30,2836654487448 137,903194862797 90 44,8074641843674 145 90 3,5527136788005E-14 97,9999999999999 171 2,48689957516035E-14 
137,903194862797 90 44,8074641843674 137,903194862797 75 44,8074641843674 145 75 3,5527136788005E-14 145 90 3,5527136788005E-14 
137,903194862797 75 44,8074641843674 137,903194862797 -79 44,8074641843674 145 -79 3,5527136788005E-14 145 75 3,5527136788005E-14 
137,903194862797 -79 44,8074641843674 104,616216792467 -122 33,9918693812442 110 -122 6,3948846218409E-14 145 -79 3,5527136788005E-14 
